4 372089
2 154157
1 42162
3 268517
5 570970
1 156706
5 464873
0 25496
1 42174
5 581818
2 154145
6 579258
2 260277
7 671983
1 42174
7 682831
1 42174
6 568410
2 164945
8 775592
6 568434
2 260289
3 257705
3 268517
3 257717
1 42174
8 775580
6 568458
1 42174
4 372101
8 775592
6 568410
6 568446
2 154157
5 464861
8 775592
10 1099650
1 156706
9 879130
5 464873
4 361301
8 775568
2 154157
4 372101
6 674567
1 156706
2 154145
9 879154
8 775556
9 985252
15 1511415
15 1500591
15 1500579
15 1500579
30 3065026
30 3054214
30 3054142
30 3054214
60 6278617
60 6161602
60 6161638
60 6172378
60 6161566
60 6161698

60 6172402
60 6161686
60 6161638
5 475685
5 464873
2 260277
8 786356
8 775580
5 464885
2 260289
6 579234
6 674579
6 568446
6 568446
1 42174
7 778152
8 775544
7 672019
4 361277
8 786380
4 467434
5 464861
5 464861
8 775556
1 42174
7 672007
2 164957
5 571006
1 156706
1 42174
6 568458
2 154157
4 361301
3 257717
1 42174
5 581818
4 467410
5 475673
6 568434
4 361289
2 154145
8 775556
2 260289
2 260289
6 568434
3 257717
7 682807
5 464873
8 881714
1 156706
